999
0 0
49 408
441 217
443 461
6 246
268 497
201 338
224 338
265 13
472 251
388 245
8 31
216 307
239 220
488 324
62 408
88 432
188 348
129 28
132 111
495 166
305 78
185 467
142 358
351 193
397 226
80 55
343 475
252 139
291 146
385 463
144 445
301 459
285 218
194 222
330 45
74 247
193 225
344 437
72 99
92 260
219 376
188 399
107 76
327 391
220 463
114 132
280 420
231 411
224 409
337 372
180 227
71 471
208 183
264 59
446 105
164 359
452 477
175 217
119 188
106 51
498 441
455 480
360 486
297 217
273 121
89 38
292 477
113 401
254 406
479 410
495 424
183 340
466 185
129 204
67 173
457 408
142 372
265 187
307 239
285 251
436 23
322 296
358 243
245 121
436 209
313 145
208 296
364 137
364 201
270 289
321 389
447 216
406 63
331 452
75 163
221 71
289 382
269 181
419 421
35 155
440 45
88 422
84 485
132 413
194 317
15 471
270 382
226 281
19 386
165 16
264 278
190 264
461 183
9 318
55 418
147 452
172 288
186 278
348 59
315 376
395 63
47 279
313 45
276 234
390 166
96 207
187 55
32 170
242 417
398 186
89 324
89 330
210 178
50 240
347 94
101 94
497 210
242 461
304 78
282 487
461 418
442 204
148 392
50 110
345 212
352 110
161 93
184 275
39 314
361 322
58 193
101 267
127 167
473 364
483 145
108 328
81 487
233 36
498 460
54 478
255 285
460 218
425 271
481 410
196 328
137 349
37 342
380 392
13 436
243 221
155 418
89 190
131 124
173 199
274 58
494 20
54 263
209 217
494 412
272 247
91 209
380 344
326 91
106 436
243 497
408 64
75 236
331 115
401 133
332 136
331 383
199 390
203 411
7 456
378 41
493 450
202 432
473 416
444 393
319 462
69 124
340 137
76 269
332 141
441 87
448 124
154 204
352 158
347 204
391 151
273 422
256 463
375 301
329 477
41 309
487 212
174 380
212 107
270 140
305 135
446 365
200 142
458 471
159 59
124 158
340 121
18 287
36 195
172 413
55 194
293 485
325 426
432 498
427 366
136 296
229 141
79 324
41 60
80 413
162 318
404 474
190 175
478 420
218 61
100 68
399 337
301 458
278 234
270 364
81 76
190 310
394 239
378 175
449 100
139 118
250 481
165 263
429 205
80 213
330 420
310 192
181 255
177 448
150 389
233 34
403 91
165 159
470 410
81 346
146 178
212 118
111 82
121 206
314 79
393 430
23 22
320 327
186 95
440 102
397 356
207 395
388 7
253 433
446 152
106 166
84 375
166 184
224 495
226 438
460 356
137 222
139 170
337 29
153 159
11 294
218 498
233 471
360 422
341 385
54 75
92 322
133 255
394 294
11 274
374 460
347 336
194 371
8 217
336 221
286 483
101 271
219 223
35 67
227 454
110 107
94 34
295 479
111 398
283 63
402 50
236 386
300 136
267 91
179 221
375 411
433 181
295 452
402 279
133 350
106 155
343 135
437 277
294 484
349 371
418 422
182 39
83 111
102 4
466 160
380 232
205 320
415 191
48 231
403 450
475 184
344 163
265 153
316 12
455 289
104 303
463 437
251 26
317 120
457 496
51 124
326 344
330 19
263 193
60 174
152 460
113 346
25 435
75 452
459 367
257 55
250 301
201 6
192 149
153 263
49 263
111 256
51 123
458 133
237 337
421 179
3 426
176 135
1 410
342 346
158 423
156 354
281 86
36 414
434 470
335 264
411 238
178 204
497 448
5 141
294 69
233 412
270 255
310 76
221 14
93 206
220 394
40 76
32 302
94 357
9 279
6 166
258 429
103 88
361 336
383 95
197 397
52 134
315 115
144 68
380 356
173 83
318 370
417 91
304 189
204 259
237 302
440 341
266 19
351 184
382 369
100 312
342 291
215 437
450 238
91 164
167 184
297 310
220 478
215 379
84 158
272 292
30 234
352 94
443 25
309 72
30 272
180 195
78 5
213 213
345 236
221 351
328 405
58 88
250 234
150 47
180 209
490 312
471 228
294 88
202 403
18 0
451 130
63 149
235 423
427 245
378 365
151 17
297 232
444 199
412 322
242 11
144 104
21 147
349 398
302 296
378 472
269 267
206 394
65 233
11 46
201 87
10 246
38 71
173 88
10 12
165 463
343 204
177 225
278 377
428 354
28 288
396 477
362 439
267 208
410 331
94 158
14 354
357 381
264 276
5 439
252 163
274 63
221 149
82 53
0 389
264 282
404 347
174 277
347 18
445 408
342 288
10 439
258 341
19 284
279 264
208 139
391 264
363 52
304 418
407 179
240 133
21 392
254 207
146 177
210 138
406 374
141 295
57 256
406 378
467 398
197 356
58 448
447 202
136 401
36 252
376 80
409 459
70 99
438 124
459 457
443 229
436 191
35 193
354 254
338 199
38 331
296 148
27 159
43 79
213 14
430 207
118 468
344 292
148 492
296 486
30 285
283 412
156 285
144 337
482 360
153 301
428 35
251 74
452 256
391 398
369 31
488 133
368 326
25 113
239 245
68 130
393 348
153 291
97 470
193 119
39 464
144 56
461 387
101 168
284 375
245 26
301 33
179 409
47 211
311 188
219 167
318 464
499 479
138 486
313 389
492 296
47 376
158 381
433 177
388 422
323 499
398 469
293 398
167 308
473 123
482 86
487 343
426 442
113 349
214 425
242 198
490 135
453 96
124 145
43 99
215 211
349 308
460 13
149 348
57 96
88 13
147 47
488 164
49 299
152 251
452 204
241 301
56 225
186 197
445 347
72 288
97 255
67 412
299 83
140 302
395 332
51 106
453 58
386 498
33 472
125 265
40 430
386 319
304 173
185 155
486 426
252 416
424 471
152 229
479 151
423 200
23 61
383 206
78 461
313 449
359 55
367 138
219 469
104 130
387 247
402 117
462 26
459 435
311 358
224 204
318 445
42 326
143 366
299 464
495 199
201 365
91 328
79 224
89 167
85 224
250 296
133 101
14 130
416 186
162 41
108 188
239 441
385 36
444 104
143 285
50 247
405 215
482 9
300 364
129 394
103 232
363 108
79 436
113 64
328 135
180 343
127 134
24 167
412 66
35 2
291 393
251 99
322 285
310 105
482 193
183 316
35 382
172 197
291 389
112 182
359 392
31 108
133 50
333 219
278 21
426 140
171 183
249 217
260 85
413 257
77 285
29 210
177 62
275 445
181 430
406 78
21 404
266 297
14 303
227 236
252 440
39 447
200 148
421 142
487 474
205 367
497 316
236 384
120 376
358 400
474 128
240 66
374 79
269 309
251 2
473 16
98 271
49 370
425 120
166 178
294 496
487 143
183 320
123 186
65 349
411 281
180 194
402 355
373 129
100 157
43 427
352 214
476 290
311 474
311 290
401 174
330 183
244 23
378 163
103 404
393 212
260 468
241 201
135 69
475 354
95 216
78 205
408 73
253 445
19 6
97 163
141 383
299 432
130 246
31 370
375 474
133 120
472 58
229 345
480 380
464 39
402 179
337 133
68 134
278 56
395 334
467 262
167 428
337 217
143 277
309 292
297 208
296 471
126 386
434 45
328 180
404 342
441 252
15 387
361 429
415 456
125 263
349 144
18 240
496 220
346 282
55 310
65 497
420 460
416 100
170 426
167 8
390 249
448 338
468 266
34 10
188 171
300 124
411 145
443 139
107 64
314 69
344 12
440 391
267 300
157 201
381 40
78 394
55 11
184 6
292 407
383 409
153 327
324 26
134 249
454 252
311 409
289 65
225 401
481 420
475 9
169 241
37 82
233 465
187 464
427 70
184 414
394 374
61 199
372 488
153 227
58 233
444 87
246 370
432 234
269 174
188 237
495 174
108 221
479 400
454 60
46 434
47 290
64 93
253 431
366 199
401 308
339 444
370 422
84 337
312 346
40 63
80 486
473 43
217 49
41 396
224 496
389 109
65 276
460 102
305 204
497 45
36 23
342 411
244 391
329 485
86 407
321 188
465 226
26 41
468 89
6 62
360 406
8 235
338 56
351 272
441 376
9 305
176 361
195 328
40 316
480 446
168 83
208 341
228 72
34 310
202 58
115 492
151 288
60 285
167 129
380 225
256 417
498 272
485 174
461 484
0 75
157 77
20 230
290 310
97 425
281 42
434 52
300 463
269 153
479 30
455 168
197 43
412 66
464 460
9 74
472 207
245 315
79 265
321 309
155 119
356 403
399 283
320 486
319 63
66 409
278 154
467 109
238 192
171 431
215 13
490 492
373 461
270 332
80 147
356 80
102 328
132 179
208 212
396 205
95 180
290 12
82 318
405 7
92 198
281 116
487 298
79 173
12 414
189 130
471 482
336 47
384 213
251 238
164 266
103 341
246 338
396 306
77 310
475 111
10 38
332 337
324 423
180 180
8 118
68 230
480 475
229 345
0 41
271 367
423 235
28 397
420 296
77 284
5 480
488 344
297 232
2 126
154 21
406 42
22 48
400 342
451 49
27 11
23 214
204 262
89 111
1000 1000
1500
1 999